47.15453357,27.59607237
47.15453357,27.59607253
47.15453357,27.59607273
47.15453357,27.59607288
47.15453357,27.59607295
47.15453357,27.59607302
47.15453357,27.59607313
47.15453357,27.59607322
47.15453357,27.5960734
47.15453357,27.59607347
47.15453357,27.59607357
47.15453357,27.59607358
47.15453357,27.59607373
47.15453357,27.59607373
47.15453357,27.59607368
47.15453357,27.59607372
47.15453357,27.59607362
47.15453357,27.59607357
47.15453357,27.59607367
47.15453357,27.59607373
47.15453357,27.59607377
47.15453357,27.59607385
47.15453357,27.5960739
47.15453357,27.59607397
47.15453357,27.59607395
47.15453357,27.59607398
47.15453357,27.59607398
47.15453368,27.59607397
47.15453368,27.59607402
47.15453368,27.59607405
47.15453368,27.59607403
47.15453367,27.59607403
47.15453363,27.59607405
47.15453362,27.59607417
47.15453365,27.59607408
47.15453412,27.59607383
47.15453387,27.59607385
47.15453435,27.59607385
47.15453607,27.59607415
47.1545372,27.59607437
47.15453818,27.59607458
47.15453973,27.59607497
47.15454055,27.59607515
47.15454202,27.59607547
47.15454247,27.5960756
47.15454282,27.59607567
47.15454348,27.59607543
47.15454358,27.59607552
47.15454368,27.59607557
47.15454373,27.59607565
47.15454372,27.59607575
47.15454372,27.5960758
47.15454368,27.59607587
47.15454367,27.59607595
47.15454367,27.59607607
47.15454368,27.59607617
47.15454358,27.5960763
47.15454358,27.59607643
47.15454358,27.59607657
47.15454353,27.59607668
47.15454353,27.5960768
47.15454353,27.59607692
47.15454352,27.59607702
47.15454348,27.59607712
47.15454343,27.59607717
47.15454238,27.5960773
47.15453947,27.59607772
47.15454137,27.59607897
47.15454235,27.59608325
47.1545409,27.59608105
47.15454108,27.59607738
47.15454162,27.59607388
47.15454258,27.59607082
47.1545439,27.59607063
47.15454417,27.59606917
47.15454442,27.59606943
47.15454568,27.59606788
47.15454677,27.59606598
47.15454728,27.59606635
47.15454737,27.59606625
47.15454752,27.59606617
47.15454753,27.59606615
47.15454753,27.59606613
47.1545475,27.5960661
47.15454748,27.59606608
47.15454748,27.59606608
47.15454645,27.59606795
47.15454372,27.59607072
47.15453227,27.5960865
47.15452893,27.59608007
47.15451223,27.59607193
47.15450302,27.59605017
47.15449732,27.59603572
47.15449153,27.59603028
47.1544879,27.59602512
47.15448608,27.5960242
47.15448593,27.59602287
47.15448607,27.5960209
47.15448593,27.59602007
47.15447963,27.59600918
47.15447273,27.59599832
47.15446792,27.59599375
47.15446687,27.59599637
47.15446798,27.59599877
47.15446838,27.59600047
47.15446823,27.59600157
47.15446483,27.59599823
47.1544597,27.59599613
47.15445568,27.5959972
47.15445332,27.59600063
47.15444567,27.59600803
47.15443347,27.59601422
47.15441913,27.59601913
47.15440625,27.59602435
47.15439772,27.59602818
47.15438978,27.59603383
47.15438182,27.59604048
47.15437398,27.5960473
47.15436187,27.59605508
47.15434532,27.59606415
47.15432552,27.59607343
47.15430253,27.59608345
47.15427972,27.59609318
47.15425862,27.59610087
47.15424183,27.59610737
47.15422693,27.59611527
47.15421157,27.59612372
47.15419438,27.59612942
47.15417678,27.59613282
47.15415978,27.59613557
47.15414323,27.59613832
47.15412602,27.59614228
47.15410838,27.59614658
47.1540899,27.59615163
47.15407123,27.59615788
47.15405323,27.59616378
47.15403502,27.59616933
47.15401515,27.59617427
47.15399162,27.59617975
47.15396615,27.59618788
47.15394073,27.59619797
47.15391287,27.59621107
47.15388402,27.59622597
47.15385775,27.59623828
47.15383078,27.59625023
47.1537984,27.59625415
47.15375865,27.59625437
47.15371515,27.59626242
47.15367348,27.59627945
47.15362778,27.59630453
47.15358195,27.59632842
47.15354105,27.59634585
47.15350422,27.59636002
47.15347082,27.59637185
47.15345078,27.5963786
47.15342898,27.59637307
47.15340033,27.59637172
47.1533762,27.59632713
47.15335798,27.59626462
47.15333233,27.59616977
47.15331017,27.59607895
47.15328307,27.59596192
47.15325533,27.59582017
47.15321578,27.59563463
47.15317557,27.59543123
47.15313397,27.59522775
47.15308537,27.59501343
47.15304203,27.59481018
47.15300133,27.59461653
47.15296302,27.59444012
47.15293092,27.59427945
47.15289468,27.59412253
47.15286492,27.59397607
47.15283735,27.59384147
47.15280753,27.59370978
47.15277858,27.5935842
47.15274933,27.59346293
47.15272762,27.5933479
47.15270073,27.59322895
47.15267472,27.59311048
47.15265355,27.59301748
47.15264027,27.59294853
47.1526264,27.59287942
47.15260938,27.59281225
47.15259138,27.59272357
47.15257137,27.592606
47.15253843,27.59244593
47.15250562,27.59226982
47.15246413,27.59210385
47.15242068,27.59192553
47.15237575,27.59172232
47.15232962,27.59152415
47.15229123,27.59133067
47.15226288,27.59116128
47.15224092,27.59100698
47.15221373,27.59087302
47.15219242,27.59075918
47.15217283,27.59066378
47.15215498,27.59058495
47.15214058,27.59051883
47.15213305,27.59046863
47.1521287,27.5904376
47.15212388,27.59041952
47.15212117,27.59041012
47.1521195,27.59040108
47.1521181,27.59039437
47.15211583,27.59039192
47.15211828,27.59038957
47.15211817,27.5903881
47.15211823,27.59038618
47.15211917,27.5903782
47.15212197,27.59037652
47.15212312,27.59037178
47.15212082,27.59037137
47.1521212,27.59037102
47.1521231,27.59036867
47.1521235,27.59036283
47.15212357,27.59036113
47.1521236,27.590361
47.15212358,27.59036098
47.15212357,27.59036092
47.15212357,27.5903609
47.15212357,27.59036093
47.15212357,27.59036087
47.15212353,27.59036083
47.15212358,27.59036082
47.15212357,27.5903608
47.15212357,27.59036078
47.15212358,27.59036082
47.15212357,27.59036082
47.15212355,27.59036083
47.15212355,27.59036083
47.15212335,27.59036077
47.15212337,27.59036077
47.15212335,27.59036077
47.15212335,27.59036078
47.15212333,27.59036078
47.15212198,27.59036252
47.15212417,27.59035493
47.15212637,27.59035873
47.15212723,27.59036128
47.15212443,27.59036073
47.15212387,27.59036305
47.15212215,27.59036232
47.15212018,27.59035813
47.15211893,27.59035378
47.1521173,27.59035003
47.15211568,27.59034932
47.15211257,27.59035212
47.15211072,27.59035388
47.15211057,27.59035377
47.15211088,27.59035267
47.15211082,27.59035198
47.15211203,27.5903511
47.15211288,27.59035033
47.15211338,27.59034892
47.15211318,27.5903451
47.15211255,27.59034027
47.15211045,27.59033122
47.15210827,27.59032197
47.15210758,27.59031515
47.1521071,27.59031235
47.15210783,27.59030992
47.1521076,27.59030783
47.15210835,27.59030533
47.15210887,27.59030372
47.15210957,27.5903023
47.15210995,27.5903004
47.15211047,27.5902998
47.15211082,27.59029972
47.15210683,27.59028758
47.15209953,27.59026027
47.15208987,27.59022158
47.1520781,27.59017318
47.1520656,27.59011982
47.15204748,27.59004355
47.15203352,27.58997288
47.15202028,27.58990218
47.15200435,27.58982728
47.15198812,27.58975563
47.15197577,27.58968835
47.15196172,27.58961732
47.15194787,27.58955928
47.15193752,27.58952077
47.15193033,27.58949447
47.15192868,27.58947245
47.15192825,27.58946328
47.15192607,27.58945122
47.15192452,27.58944387
47.15192538,27.5894384
47.15193053,27.58943423
47.15193107,27.58943402
47.15193127,27.58943447
47.15193115,27.5894342
47.15193057,27.58943607
47.15193098,27.58943818
47.15193242,27.58943713
47.15193273,27.58943602
47.15193198,27.58943375
47.15193315,27.58943177
47.15193298,27.5894321
47.15193273,27.58943213
47.15193273,27.58943203
47.15193278,27.589432
47.15193255,27.58943178
47.15193243,27.58943168
47.15193208,27.58943142
47.15193208,27.58943138
47.15193208,27.58943132
47.1519321,27.58943128
47.15193212,27.58943127
47.15193212,27.58943122
47.15193207,27.58943118
47.15193207,27.58943112
47.15193203,27.58943107
47.15193218,27.58943073
47.15193177,27.58943147
47.15193173,27.58943147
47.15193173,27.58943132
47.15193162,27.58943147
47.1519318,27.58943102
47.15193162,27.58943128
47.15193168,27.58943108
47.15193155,27.58943128
47.15193133,27.58943168
47.15193128,27.58943173
47.15193122,27.5894318
47.15193118,27.58943178
47.15193113,27.58943178
47.1519311,27.58943178
47.15193103,27.58943185
47.15193097,27.58943182
47.15193092,27.58943185
47.15193083,27.58943187
47.15193077,27.58943182
47.15193072,27.58943178
47.15193068,27.58943173
47.15193067,27.58943173
47.15193063,27.58943172
47.1519306,27.58943168
47.15193057,27.58943163
47.15193052,27.58943163
47.15193048,27.58943162
47.15193047,27.58943158
47.15193042,27.58943158
47.15193038,27.58943157
47.15193035,27.58943152
47.1519303,27.5894315
47.15193027,27.58943147
47.15193023,27.58943143
47.15193023,27.58943137
47.15193022,27.58943128
47.15193017,27.58943123
47.15193015,27.58943118
47.15193013,27.58943112
47.15193012,27.58943105
47.15193012,27.58943098
47.15193008,27.58943092
47.15193008,27.58943085
47.15193007,27.58943078
47.15193003,27.58943075
47.15193003,27.5894307
47.15193003,27.58943067
47.15193003,27.58943062
47.15193003,27.58943057
47.15193002,27.58943055
47.15192433,27.58942095
47.15192057,27.58940797
47.15191772,27.58939773
47.151913,27.58938712
47.15190818,27.58937082
47.15190198,27.58934648
47.15189397,27.58930932
47.1518819,27.58924273
47.15187513,27.58915767
47.1518685,27.58907652
47.15186782,27.5889921
47.15187357,27.58890567
47.15187782,27.58882127
47.15188832,27.58874223
47.1519052,27.58867242
47.15191778,27.58861192
47.15193635,27.58855798
47.15194722,27.58850983
47.15195868,27.58847818
47.15196668,27.58845668
47.15196717,27.58844862
47.15196938,27.58844588
47.15196905,27.58844335
47.1519671,27.5884468
47.15196678,27.58844612
47.15196817,27.58844522
47.15196892,27.58844395
47.15196862,27.58844483
47.15196892,27.58844342
47.1519691,27.58844175
47.15196735,27.58844105
47.15196737,27.58843818
47.15196723,27.58843782
47.15196698,27.5884377
47.15196687,27.58843763
47.15196688,27.58843758
47.15196692,27.58843752
47.15196692,27.58843748
47.15196688,27.58843745
47.15196687,27.58843742
47.15196685,27.58843742
47.15196682,27.58843742
47.15196678,27.58843743
47.15196677,27.58843745
47.15196673,27.58843748
47.1519667,27.58843755
47.15196678,27.58843747
47.15196678,27.58843748
47.15196688,27.58843737
47.1519672,27.58843702
47.15196722,27.58843698
47.15196723,27.58843697
47.15196728,27.58843688
47.15196727,27.58843692
47.15196742,27.58843678
47.15196743,27.58843673
47.15196733,27.58843682
47.15196727,27.58843685
47.15196722,27.58843688
47.15196718,27.58843688
47.15196718,27.58843687
47.15196718,27.58843687
47.15196722,27.58843687
47.15196718,27.58843687
47.15196712,27.58843693
47.15196713,27.58843693
47.15196713,27.58843693
47.15196713,27.58843693
47.15196713,27.58843693
47.15196713,27.58843693
47.15196713,27.58843693
47.15196713,27.58843693
47.15196713,27.58843692
47.15196715,27.58843688
47.15196715,27.58843688
47.15196715,27.58843692
47.15196717,27.58843688
47.15196717,27.58843688
47.15196715,27.58843688
47.15196715,27.58843688
47.15196715,27.58843688
47.15196713,27.5884369
47.15196712,27.58843693
47.15196708,27.58843695
47.15196707,27.58843695
47.15196707,27.58843693
47.15196707,27.58843693
47.15196703,27.58843692
47.15196702,27.58843692
47.15196713,27.58843697
47.15196717,27.58843695
47.15196727,27.58843698
47.15196727,27.58843693
47.15196728,27.58843695
47.15196733,27.58843695
47.15196735,27.58843697
47.15196733,27.58843698
47.15196733,27.588437
47.15196737,27.58843703
47.15196738,27.58843707
47.15196737,27.58843708
47.15196733,27.5884371
47.1519673,27.58843713
47.15196728,27.58843713
47.15196727,27.5884371
47.15196727,27.5884371
47.15197832,27.58841097
47.15199562,27.58837328
47.15201883,27.58832395
47.15205157,27.58826198
47.15208413,27.58821768
47.15210892,27.58815875
47.15213113,27.58808062
47.15216135,27.58798982
47.15220172,27.58790223
47.15224008,27.5878021
47.15228977,27.5876951
47.15234488,27.58757742
47.1523981,27.58745528
47.15245737,27.58732387
47.15252275,27.58718062
47.15258577,27.58702525
47.15265447,27.58686483
47.15272667,27.58669812
47.15278998,27.58653897
47.15286362,27.58637975
47.15293137,27.58622502
47.15299858,27.58606888
47.15306527,27.58591762
47.15312918,27.5857806
47.15319017,27.58564453
47.15323993,27.58552328
47.15328922,27.58540482
47.1533384,27.58528873
47.15338788,27.58517663
47.15343203,27.58507838
47.15346863,27.58500157
47.15349933,27.58494113
47.1535155,27.58489607
47.15352822,27.58487648
47.15353732,27.58486427
47.15354262,27.58485075
47.15354438,27.58484297
47.15354473,27.58484187
47.15354435,27.58483868
47.15354423,27.58484008
47.15354473,27.58484033
47.15354548,27.58484025
47.15354573,27.58483953
47.15354472,27.58483863
47.1535438,27.58483748
47.15354298,27.58483938
47.15354178,27.58483978
47.15354353,27.58483257
47.15354328,27.58483188
47.153542,27.58483192
47.15354188,27.58483343
47.15354365,27.58483538
47.1535424,27.5848353
47.15354097,27.58483508
47.15354167,27.58483683
47.1535408,27.58483768
47.15354002,27.58483862
47.15354008,27.584839
47.15354007,27.58483948
47.15353987,27.5848396
47.15354018,27.58483952
47.15353998,27.58483973
47.15354018,27.5848396
47.15354013,27.58483958
47.15354007,27.58483963
47.15354008,27.58483967
47.15354003,27.5848397
47.15353995,27.58483975
47.15353992,27.58483975
47.15353988,27.58483973
47.15353988,27.5848397
47.15353983,27.58483968
47.15353982,27.58483968
47.15353982,27.58483967
47.15353978,27.58483968
47.15353978,27.58483968
47.15353978,27.58483968
47.1535398,27.58483972
47.1535398,27.5848397
47.15353978,27.58483972
47.1535398,27.58483972
47.1535398,27.58483972
47.15353982,27.58483972
47.15353978,27.58483968
47.15353978,27.58483972
47.15353977,27.58483972
47.15353977,27.58483972
47.15353973,27.58483972
47.15353972,27.5848397
47.15353972,27.58483972
47.15353968,27.58483972
47.15354158,27.58483437
47.15354118,27.58483253
47.15354698,27.58482303
47.1535551,27.5848084
47.15356797,27.58477878
47.15358503,27.58473878
47.15360778,27.58468988
47.15363778,27.5846352
47.15366442,27.58457765
47.15368935,27.58452493
47.15371703,27.58446548
47.15374958,27.58439362
47.15378525,27.58429978
47.15383422,27.5841933
47.1538901,27.58407432
47.15395058,27.58393953
47.15400573,27.58380013
47.15406353,27.58367078
47.15412462,27.58353587
47.15419027,27.58339633
47.15425167,27.58325982
47.15431292,27.58314185
47.15435203,27.58304462
47.15438613,27.58295603
47.15441345,27.58286927
47.1544449,27.58278703
47.1544767,27.58270142
47.154512,27.58260225
47.15455362,27.58250245
47.15459867,27.58240147
47.15464818,27.58229408
47.15470007,27.58217898
47.15476038,27.58205272
47.15482307,27.58191862
47.15488725,27.58177962
47.15495365,27.58163133
47.15502547,27.58147487
47.15510285,27.58130578
47.15518088,27.58113408
47.15525923,27.58096353
47.15533468,27.58079097
47.15542307,27.5806175
47.1555036,27.58043677
47.15558448,27.58026197
47.15566393,27.58008837
47.15574665,27.57989812
47.1558287,27.5797299
47.15590672,27.57957332
47.15598308,27.57940568
47.15606167,27.57925157
47.15612623,27.57911217
47.15618293,27.5789868
47.15623258,27.57887008
47.15628367,27.57876468
47.1563263,27.57867008
47.15636027,27.57859295
47.15638948,27.5785335
47.15641478,27.5784789
47.15643903,27.57842633
47.1564694,27.57837083
47.15649738,27.57831278
47.15652772,27.57825083
47.15656122,27.57818222
47.15659598,27.57810863
47.15664377,27.57801247
47.15669462,27.57791655
47.15674078,27.57780847
47.15679208,27.57770072
47.1568425,27.57758802
47.15689665,27.57748003
47.15695168,27.57736477
47.15700805,27.57724055
47.15706683,27.5771033
47.15713062,27.57695858
47.15719518,27.57681823
47.15726563,27.57668388
47.15734288,27.57656322
47.15741278,27.57646548
47.15747368,27.57637722
47.15753007,27.57630193
47.15757503,27.57624873
47.15761055,27.57620523
47.15763955,27.57617313
47.15765903,27.5761519
47.15767842,27.57613193
47.15769132,27.57612263
47.15769475,27.57611378
47.15769958,27.57610432
47.15770047,27.57609353
47.15770433,27.57608698
47.15771708,27.57606817
47.15773938,27.57604543
47.15776777,27.57601818
47.15779627,27.57598888
47.15782835,27.57595497
47.1578645,27.57591853
47.15790248,27.57588333
47.1579435,27.57584722
47.15799028,27.5758145
47.15804153,27.57578023
47.15809212,27.57574082
47.15814762,27.57570427
47.15820432,27.5756731
47.15825907,27.57563608
47.15831133,27.57560215
47.15836263,27.57557218
47.15841163,27.57554593
47.15845095,27.5755219
47.15850317,27.57550832
47.15856392,27.57550323
47.15863237,27.5755124
47.15871768,27.57553223
47.15881008,27.57554247
47.1589101,27.57554278
47.15901005,27.57553368
47.15911267,27.57551327
47.15920912,27.57549267
47.1592935,27.57546632
47.15935873,27.57545298
47.15940618,27.57546267
47.15945197,27.57547878
47.15949623,27.57551462
47.15953968,27.57556663
47.15959268,27.57561902
47.15965623,27.57568437
47.15971483,27.57574508
47.15976792,27.57579728
47.15981407,27.57584602
47.1598557,27.57588992
47.15990043,27.57593012
47.15995183,27.5759738
47.16000238,27.57601897
47.16005282,27.57605518
47.16009032,27.57608585
47.16011678,27.57610283
47.16012843,27.57611542
47.16014393,27.57612488
47.16014808,27.57613193
47.16014478,27.57613773
47.16013845,27.5761377
47.160137,27.57613407
47.16014017,27.57613355
47.16014937,27.57614305
47.16017238,27.57615967
47.16020662,27.57618883
47.16024765,27.5762239
47.16028588,27.57626268
47.16033742,27.57630318
47.16040352,27.57635853
47.16048233,27.57642467
47.16056078,27.57649575
47.1606404,27.57656345
47.16072677,27.57662063
47.16081073,27.57669375
47.16089798,27.57676687
47.16098385,27.57684957
47.16106262,27.57692123
47.16113343,27.57698417
47.16119552,27.57703027
47.16124348,27.57707053
47.16129752,27.57709618
47.16134433,27.57709625
47.16140322,27.57706703
47.1614695,27.57702067
47.16154087,27.57697257
47.16161207,27.57692923
47.16169963,27.57687153
47.16178858,27.57681162
47.1618756,27.57675395
47.16196507,27.57671195
47.16205322,27.57666898
47.1621402,27.57660595
47.16222995,27.57654753
47.16231147,27.57649178
47.1623768,27.57643792
47.16243312,27.57638883
47.16249042,27.57635248
47.16254928,27.57630778
47.16261207,27.57627347
47.16267737,27.57623117
47.16273762,27.57619065
47.16278083,27.57615935
47.16280937,27.57613778
47.16284198,27.57613048
47.1628602,27.57612172
47.16287593,27.57611532
47.1628872,27.57610942
47.16289505,27.57611063
47.16290408,27.57611192
47.16290702,27.5761162
47.16290583,27.57611853
47.16290432,27.57611993
47.16290643,27.57611753
47.16290887,27.57611663
47.16290958,27.57611738
47.15379265,27.58743675
47.15438222,27.59410965
47.15437517,27.59411271
47.15436173,27.59411856
47.15433836,27.59412873
47.15430743,27.59414218
47.15427257,27.59415735
47.15423284,27.59417464
47.15417493,27.59419983
47.15412977,27.59421948
47.15408118,27.59424062
47.15402642,27.59426445
47.15396601,27.59429073
47.15390443,27.59431752
47.15384129,27.59434499
47.15376952,27.59437621
47.15370682,27.59440349
47.15364035,27.59443241
47.15357741,27.59445966
47.15351646,27.59448603
47.15345925,27.59451078
47.15338851,27.5945414
47.15332634,27.5945683
47.15327572,27.5945902
47.1532367,27.59460708
47.15319701,27.59462426
47.15315894,27.59464073
47.15312784,27.59465419
47.15310865,27.59466249
47.15309809,27.59466706
47.15309352,27.59466903
47.15308926,27.59467088
47.1530881,27.59467138
47.1530884,27.59467125
47.15308809,27.59467139
47.15306938,27.59467948
47.15300207,27.59462922
47.15298897,27.594566
47.15296354,27.59444338
47.15294703,27.59436374
47.15292634,27.59426348
47.15290139,27.59414146
47.15284578,27.59386797
47.15281628,27.59372291
47.15275348,27.59341497
47.1527178,27.59324344
47.15268279,27.59307571
47.15261309,27.59274182
47.15257739,27.59257246
47.15254264,27.59240824
47.15250529,27.59223177
47.15246894,27.59206004
47.15243317,27.59189101
47.15239724,27.59172123
47.15236262,27.59155767
47.15232809,27.59139454
47.15229416,27.59123419
47.15225931,27.59107626
47.15224043,27.59091098
47.15220724,27.5907565
47.15217377,27.59060077
47.15214104,27.59044843
47.1521091,27.59029984
47.15207849,27.59015792
47.15204978,27.59002518
47.15202207,27.58989703
47.15199556,27.58977442
47.15196987,27.58965564
47.15194624,27.58954636
47.15192247,27.58943608
47.15190221,27.58934058
47.15188744,27.58925629
47.15187629,27.58919076
47.15187006,27.58914307
47.15186578,27.5891103
47.15186447,27.58910031
47.15186379,27.58909507
47.15186398,27.58909651
47.15186374,27.58909474
47.1518638,27.58909518
47.15186362,27.58909381
47.15186381,27.58909524
47.15186373,27.58909463
47.15186363,27.58909385
47.15186352,27.58909301
47.15186365,27.58909399
47.15186353,27.58909312
47.15186351,27.58909296
47.15186346,27.58909254
47.15186346,27.58909254
47.15186345,27.58909252
47.15186345,27.58909251
47.15186346,27.58909253
47.15186345,27.58909248
47.15186345,27.58909248
47.15186345,27.58909248
47.15186345,27.58909248
47.15186345,27.58909248
47.15186345,27.58909248
47.15186345,27.58909249
47.15186345,27.58909249
47.15186345,27.58909249
47.15186345,27.58909247
47.15186345,27.58909248
47.15186345,27.58909248
47.15186345,27.58909248
47.15186345,27.58909247
47.15186344,27.58909243
47.15186344,27.58909242
47.15186344,27.58909242
47.15186344,27.5890924
47.15186344,27.58909238
47.15186343,27.58909237
47.15186343,27.58909236
47.15186344,27.58909238
47.15186344,27.58909238
47.15186344,27.5890924
47.15186344,27.5890924
47.15186343,27.58909235
47.15186343,27.58909234
47.15186344,27.58909239
47.15186343,27.58909234
47.15186343,27.58909231
47.15186343,27.58909235
47.15186343,27.58909231
47.15186342,27.58909227
47.15186342,27.58909228
47.15186342,27.58909227
47.15186342,27.58909227
47.15186342,27.58909227
47.15186342,27.58909227
47.15186342,27.58909229
47.15186342,27.58909229
47.15186342,27.58909229
47.15186343,27.58909231
47.15186343,27.58909235
47.15186343,27.58909233
47.15186343,27.58909233
47.15186343,27.58909232
47.15186343,27.58909234
47.15186343,27.58909232
47.15186343,27.58909234
47.15186343,27.58909236
47.15186344,27.58909238
47.15186344,27.5890924
47.15186344,27.5890924
47.15186344,27.5890924
47.15186344,27.58909238
47.15186344,27.58909238
47.15186325,27.58909098
47.15186325,27.58909093
47.15186324,27.58909092
47.15186008,27.58905868
47.15185791,27.58901159
47.15185729,27.58895302
47.15185788,27.58890169
47.15186039,27.58884123
47.151868,27.58877596
47.1518809,27.58871142
47.15189467,27.58864911
47.15191334,27.58858763
47.15193493,27.58851724
47.15196009,27.58845727
47.15198674,27.58839514
47.1520109,27.58834192
47.1520354,27.58828895
47.1520644,27.58824156
47.15213224,27.58825887
47.15216446,27.58828951
47.15222862,27.58832244
47.15229458,27.58835606
47.152371,27.58838463
47.15245009,27.58841336
47.15253601,27.58844456
47.15262308,27.58847497
47.15278369,27.58857773
47.15284746,27.58862176
47.15289519,27.58865471
47.15294832,27.5886914
47.15300848,27.58873272
47.15307585,27.58877753
47.15313549,27.58881593
47.15320893,27.5888632
47.15326357,27.58889838
47.15334691,27.58895202
47.15341324,27.58899465
47.1534871,27.58904216
47.15354503,27.58907942
47.15363723,27.5890926
47.15370203,27.58913429
47.15375385,27.58916763
47.15379401,27.58919346
47.15380775,27.58925689
47.15381405,27.5893149
47.15379964,27.589362
47.1537839,27.58940743
47.15376685,27.58945663
47.1537478,27.58951163
47.15372934,27.58956489
47.15373691,27.58963643
47.15372454,27.5896782
47.15371542,27.58971684
47.15370895,27.58974523
47.15370583,27.58976637
47.15370299,27.58979122
47.15369917,27.58982916
47.1537082,27.58987777
47.15372486,27.58996746
47.1537126,27.59006004
47.15372952,27.59014691
47.15374867,27.59024387
47.15376683,27.59033585
47.15378672,27.59043652
47.15383437,27.59052638
47.1538541,27.59062686
47.15387539,27.59073524
47.15389801,27.59085042
47.15390517,27.59097085
47.1539262,27.59109033
47.15394431,27.59119322
47.15396512,27.59131142
47.15398556,27.59142755
47.15400643,27.59154616
47.15402602,27.59165744
47.15404553,27.59176827
47.15406435,27.59187525
47.15408393,27.5919847
47.15410458,27.59209681
47.15412562,27.59220919
47.15414491,27.59231217
47.15416595,27.59242455
47.1541864,27.59253372
47.1542057,27.59263678
47.1542252,27.59273946
47.15424589,27.59284464
47.15426905,27.59295871
47.15429191,27.5930713
47.15431359,27.59317805
47.15433492,27.5932831
47.15435038,27.59335925
47.1543712,27.5934618
47.15438723,27.59354078
47.15440796,27.59364288
47.15442466,27.59372511
47.1544421,27.59381101
47.15445749,27.5938868
47.15446844,27.59394073
47.1544776,27.59398588
47.15448496,27.59402121
47.15448555,27.59402404
47.15443725,27.5940857
47.15440586,27.59409936
47.15437475,27.5941129
47.15433474,27.59413031
47.15429975,27.59414553
47.15422188,27.59417941
47.154177,27.59419893
47.15412464,27.59422171
47.15406567,27.59424737
47.15400884,27.59427209
47.1539371,27.59430331
47.15386231,27.59433584
47.15376686,27.59437737
47.15368889,27.59441129
47.1535935,27.5944527
47.15352386,27.59448283
47.15343609,27.5945208
47.15336974,27.59454952
47.15330242,27.59457865
47.15324751,27.59460241
47.15320021,27.59462287
47.15316356,27.59463873
47.15313883,27.59464943
47.15311626,27.5946592
47.15310576,27.59466374
47.15309605,27.59466794
47.1530793,27.59467519
47.15305295,27.59468389
47.15301007,27.59465521
47.15299883,27.59461358
47.15298517,27.5945477
47.15296947,27.59447198
47.15295266,27.59439091
47.15293136,27.59428791
47.15290554,27.59416183
47.15287773,27.5940251
47.1528514,27.59389563
47.15282149,27.59374853
47.15278877,27.59358761
47.15275565,27.5934255
47.15272347,27.5932706
47.15268805,27.59310089
47.1526542,27.59293874
47.15261903,27.59277029
47.15258367,27.59260212
47.15254597,27.59242398
47.1525091,27.59224976
47.15247184,27.59207371
47.15243382,27.59189411
47.15239564,27.59171369
47.15235854,27.59153837
47.15232126,27.59136226
47.15228488,27.59119038
47.15224147,27.59103164
47.15222616,27.59084456
47.15219215,27.5906863
47.15215712,27.59052329
47.15212322,27.5903655
47.1520906,27.59021397
47.15205678,27.59005753
47.15202453,27.58990838
47.15199199,27.58975794
47.15195982,27.58960919
47.15193019,27.58947214
47.15190069,27.58933339
47.1518778,27.58919998
47.15186202,27.58908158
47.15185731,27.58897187
47.15185811,27.58889271
47.15186243,27.5888238
47.15187022,27.58875975
47.15187927,27.58871883
47.15188214,27.5887058
47.15188353,27.58869951
47.15188388,27.58869793
47.15188404,27.5886972
47.15188388,27.58869796
47.15188395,27.58869761
47.15188411,27.5886969
47.15188437,27.58869574
47.15188426,27.58869621
47.15188454,27.58869496
47.1518847,27.58869425
47.15188466,27.58869441
47.15188435,27.58869579
47.1518844,27.58869559
47.15188437,27.58869573
47.15188438,27.58869568
47.15188434,27.58869585
47.15188432,27.58869596
47.15188428,27.58869615
47.15188425,27.58869629
47.15188424,27.58869632
47.15188423,27.58869638
47.15188422,27.58869641
47.15188422,27.58869642
47.15188421,27.58869643
47.15188421,27.58869643
47.15188421,27.58869647
47.1518842,27.58869648
47.1518842,27.58869651
47.1518842,27.58869651
47.15188419,27.58869652
47.15188419,27.58869654
47.15188419,27.58869656
47.15188418,27.58869657
47.15188418,27.58869659
47.15188418,27.5886966
47.15188417,27.58869662
47.15188418,27.5886966
47.15188418,27.58869658
47.15188422,27.58869638
47.15188422,27.5886964
47.15188422,27.58869641
47.15188423,27.58869635
47.15188423,27.58869635
47.15188423,27.58869636
47.15188423,27.58869635
47.15188423,27.58869635
47.15188422,27.58869641
47.15188421,27.58869645
47.15188421,27.58869644
47.1518842,27.58869647
47.15188421,27.58869646
47.15188419,27.58869652
47.1518842,27.5886965
47.15188835,27.58867772
47.15189876,27.58863517
47.15191261,27.58859001
47.15195018,27.58848042
47.15197348,27.58842606
47.15200168,27.58836188
47.15202629,27.58830863
47.15206418,27.58824179
47.15214457,27.58827497
47.15219446,27.58830488
47.15225615,27.58833664
47.15232404,27.58836821
47.15248402,27.58842568
47.1525611,27.58845368
47.15264405,27.58848294
47.15279205,27.58858351
47.1528739,27.58864001
47.15295388,27.58869523
47.15303319,27.58874926
47.15311777,27.58880452
47.15319173,27.58885213
47.15327019,27.58890264
47.15338123,27.58897408
47.15345671,27.58902261
47.15353069,27.5890702
47.15361523,27.58912459
47.1536784,27.58916522
47.15374144,27.58920577
47.15376375,27.58922013
47.15380023,27.58924728
47.15381041,27.5893305
47.15379256,27.58938243
47.15377541,27.58943193
47.15375359,27.5894949
47.15372907,27.58956567
47.15370427,27.58963911
47.15368817,27.58970329
47.15370026,27.58981521
47.15371413,27.58990968
47.1537336,27.59001322
47.1537545,27.5901215
47.15377526,27.59022664
47.15379635,27.59033341
47.15381789,27.59044249
47.1538406,27.59055812
47.15386964,27.590706
47.15389407,27.59083039
47.15390436,27.59096622
47.15392811,27.59110117
47.15395121,27.59123237
47.15397259,27.59135385
47.15399263,27.59146774
47.15401207,27.59157821
47.15403109,27.59168625
47.15404945,27.59179056
47.15406623,27.59188593
47.15408306,27.59197989
47.15410097,27.59207753
47.15411628,27.59215932
47.15413063,27.59223592
47.15414477,27.59231145
47.15416005,27.59239303
47.15417126,27.59245288
47.1541803,27.59250117
47.15418968,27.59255128
47.154199,27.59260102
47.1542077,27.59264746
47.15421669,27.59269551
47.15422925,27.5927602
47.15423954,27.59281301
47.15425191,27.59287425
47.15426415,27.59293454
47.15427661,27.5929959
47.1542892,27.59305795
47.15430071,27.59311461
47.15431175,27.593169
47.15432253,27.59322207
47.15433261,27.59327174
47.15434296,27.59332272
47.15435363,27.59337525
47.15436238,27.59341838
47.15437238,27.5934676
47.15438353,27.59352253
47.1543947,27.59357754
47.15440658,27.59363607
47.15441779,27.5936913
47.15442688,27.59373607
47.15443641,27.59378298
47.15444728,27.59383654
47.1544587,27.59389276
47.15446992,27.59394802
47.15447954,27.59399525
47.1544863,27.59402767
47.15449096,27.59404998
47.15446523,27.59406826
47.15444594,27.59408161
47.1544233,27.59409177
47.15440119,27.59410139
47.15438519,27.59410835
47.15437289,27.59411371
47.15435974,27.59411943
47.15434043,27.59412783
47.1543147,27.59413902
47.15428757,27.59415083
47.15426172,27.59416207
47.15424149,27.59417087
47.15422749,27.59417697
47.15422313,27.59417886
47.15422403,27.59417847
47.15422469,27.59417818
47.15422584,27.59417768
47.15422442,27.5941783
47.15422096,27.59417981
47.15421912,27.59418061
47.15421854,27.59418086
47.15421809,27.59418105
47.1542178,27.59418118
47.15421751,27.59418131
47.15421695,27.59418155
47.15421689,27.59418158
47.15421703,27.59418152
47.15421728,27.59418141
47.1542175,27.59418131
47.15421776,27.5941812
47.15421794,27.59418112
47.15421806,27.59418107
47.15421813,27.59418104
47.15421817,27.59418102
47.15421821,27.594181
47.15421824,27.59418099
47.15421824,27.59418099
47.153282,27.587917
47.153232,27.587917
47.107223,27.639061
47.107273,27.639113
47.107619,27.638878
47.107816,27.638772
47.107941,27.638705
47.108037,27.638618
47.108185,27.638506
47.108307,27.638413
47.10846,27.638279
47.108626,27.638185
47.108732,27.638099
47.108973,27.637949
47.10909,27.637874
47.10921,27.637761
47.109362,27.637611
47.109448,27.637493
47.109537,27.637335
47.109632,27.637182
47.109732,27.636981
47.10981,27.636842
47.109888,27.636692
47.109976,27.636566
47.110087,27.636398
47.110435,27.635902
47.11051,27.635784
47.110595,27.635666
47.110714,27.635473
47.110887,27.635224
47.111011,27.635031
47.111095,27.634857
47.111181,27.634742
47.111285,27.634619
47.111413,27.634482
47.111575,27.634348
47.111734,27.634268
47.112005,27.634058
47.112204,27.63398
47.112553,27.633773
47.112911,27.633534
47.113287,27.633344
47.113669,27.633162
47.114009,27.633025
47.114407,27.632856
47.114794,27.632671
47.115221,27.632473
47.115621,27.632368
47.115886,27.632312
47.11628,27.632229
47.116864,27.632079
47.117359,27.631878
47.117782,27.631725
47.118076,27.63151
47.118282,27.631247
47.118623,27.630633
47.119057,27.62982
47.119559,27.628817
47.119979,27.627811
47.120333,27.626953
47.120625,27.626285
47.121019,27.625773
47.121413,27.625254
47.121864,27.624645
47.122309,27.624138
47.122827,27.623577
47.123245,27.623183
47.123769,27.622207
47.124278,27.621282
47.12465,27.620703
47.125095,27.619912
47.125668,27.61896
47.126206,27.617994
47.126567,27.617417
47.127078,27.616881
47.127697,27.616374
47.128277,27.615869
47.12873,27.61548
47.129374,27.614962
47.129997,27.614423
47.130699,27.613844
47.131701,27.613173
47.132669,27.612817
47.133602,27.611755
47.134507,27.610596
47.135107,27.609452
47.135989,27.608131
47.136835,27.606844
47.137119,27.606493
47.137501,27.606008
47.138206,27.60492
47.138819,27.603976
47.139636,27.602817
47.140511,27.601658
47.141503,27.599813
47.142495,27.598654
47.143283,27.597409
47.144421,27.595735
47.145209,27.594791
47.145909,27.59389
47.147164,27.592388
47.147923,27.591444
47.148973,27.590285
47.149907,27.589427
47.150753,27.587925
47.151226,27.587551
47.151907,27.587848
47.151336,27.589674
47.151744,27.591348
47.151977,27.592678
47.152414,27.594266
47.152764,27.596068
47.153143,27.597441
47.153464,27.5989
47.153697,27.600659
47.15393,27.602161
47.153808,27.604
47.154625,27.604215
47.155819,27.604089
47.156562,27.604916
47.155869,27.606099
47.155241,27.606983
47.154669,27.607831
47.15426,27.608647
47.154023,27.609356
47.154566,27.609528
47.154957,27.609674
47.155246,27.609291
47.154824,27.61062
47.155755,27.609727
47.155814,27.608012
47.156958,27.606298
47.157315,27.605546
47.157026,27.604005
47.157644,27.603919
47.154594,27.602455
47.154302,27.600695
47.153601,27.597219
47.153134,27.59503
47.152492,27.592455
47.152141,27.590138
47.151907,27.588936
47.152551,27.588388
47.15374,27.588989
47.154587,27.589709
47.156482,27.590865
47.157795,27.591637
47.159166,27.591852
47.160426,27.59112
47.160163,27.589833
47.161196,27.593117
47.161692,27.594748
47.163067,27.593955
47.163913,27.592625
47.164496,27.591166
47.1639,27.588438
47.164046,27.586378
47.164629,27.584061
47.165183,27.582387
47.165624,27.580242
47.166705,27.580404
47.167736,27.578378
47.168761,27.577553
47.169494,27.576775
47.17085,27.579529
47.170113,27.576194
47.171338,27.575078
47.172709,27.573919
47.173934,27.57276
47.173662,27.574996
47.17524,27.571903
47.176383,27.570998